0.0
-0.0128012080155581
-0.0234082169695335
-0.0236341351805339
-0.0219752129458317
-0.0200320865118456
-0.0169056596501463
-0.0194579174556557
-0.0176185150982496
-0.0154825904239802
-0.0132153983921657
-0.00697985671575163
-0.0055056636267087
-0.00559945264993695
-0.00477178819095998
-0.00284656929430782
-0.000270727968871243
0.00302749099649513
0.00649464568340026
0.0103593926790265
0.0134600168129196
0.0144682021420392
0.015445739233155
0.0126886295379927
0.00953620287560888
0.00363833828219737
-0.00372532397734011
-0.00680050307404598
-0.00772605566623197
-0.0135772065522519
-0.0164182485848705
-0.0177225225204108
-0.0170040239842459
-0.0177173173606838
-0.0155387670347475
-0.0159327470586996
-0.0161219702585419
-0.014919449521714
-0.0136101377027611
-0.0150821600244481
-0.0123282651906625
-0.00970120041406155
-0.00727113405746143
-0.00578518884333215
-0.00472487644516473
-0.00232998904225801
-0.00191116203340433
-0.00182503373182181
0.00347139172070752
0.00882733460319412
0.0117600886553659
0.0139868560720755
0.0138936594452856
0.012135059765767
0.00903634881281239
0.00527626223020827
0.000944836365957458
0.00124315323622826
0.00116222153958694
-0.00305724870791275
-0.00646477905465521
-0.00790329139699755
-0.0100607800683988
-0.01102965755549
-0.0121722054975336
-0.0125088600610538
-0.0135461932922158
-0.0121130823949614
-0.0138723772119954
-0.0167818883408081
-0.0188344475838812
-0.0216409305959988
-0.0233008444146881
-0.0240447194458739
-0.0242936187879941
-0.0210835700670602
-0.0221486185669952
-0.0246820040838065
-0.0255162887022881
-0.0256858470025096
-0.023943772118493
-0.0209148351236589
-0.0203121222767932
-0.0202582993550339
-0.0198403336406739
-0.0181632677474576
-0.0198518594411019
-0.0187958052905628
-0.0152222111523694
-0.0101816988234217
-0.00771320382832894
-0.00545884235775078
-0.00686510267039486
-0.0119867899620634
-0.012326575923637
-0.0142598036698361
-0.0134145970633671
-0.0082161569994168
-0.00307130078650768
-0.0035031995982941
-0.00598295835901099
-0.00656855570302515
-0.0115002327252924
-0.0143224678506426
-0.0138997295537884
-0.0154484249090745
-0.0184053571620475
-0.0197085401651933
-0.0200652980953731
-0.0216623791519806
-0.0229458784970646
-0.024178776904658
-0.0257031491697208
-0.0286424675371013
-0.0281757787454975
-0.029191004605511
-0.0304070868845783
-0.030175045689655
-0.0304312732348858
-0.0279628358563931
-0.0286123870328448
-0.0301146368741329
-0.0307198083181284
-0.0316556617694443
-0.0311224454635363
-0.0309870967548671
-0.0299270075340586
-0.0291728482116447
-0.0273875284555757
-0.0288924497459009
-0.0267265133227196
-0.026050252791028
-0.0252972711212836
-0.0244040932813259
-0.024948815006367
-0.0227327150913108
-0.0217733862733533
-0.0217323982580381
-0.0192027223054183
-0.0190612058060667
-0.0202441498361401
-0.0210053024179734
-0.019366083535677
-0.0180546109171269
-0.0198553083304035
-0.0184735915479149
-0.0196024213305195
-0.0217431124114083
-0.0202589581214381
-0.0203358872677311
-0.0201910651714032
-0.0208739692518505
-0.0231788467983723
-0.0275024353074818
-0.0308963912798929
-0.0320385006236486
-0.0303928060375197
-0.030544292496996
-0.0332830397884603
-0.0346860494167094
-0.0346684457003453
-0.0356054279432965
-0.0342632260405916
-0.0306303265126826
-0.0293543207528242
-0.0280271325344519
-0.0217005450580967
-0.0163215919366428
-0.00952064962384043
0.0071987285375859
0.0408665908952804
0.0941352796015705
0.13205659738289
0.113544115487078
0.0631459032125599
0.0279018007191354
0.00992973186281705
0.00184147717980923
0.00309281516304651
0.0050291368080964
0.00979685905934486
0.0142500637797074
0.019812182163157
0.0265533235841257
0.0368582298014455
0.0606477985199001
0.0973935251226828
0.103224614222761
0.0694942566384564
0.0374410900175436
0.0223045939640011
0.0151107539004333
0.009573860394875
0.00393352288511402
-0.00141442831607876
-0.00517669775821197
-0.00735876014814287
-0.0103903877168142
-0.0126501856046348
-0.0131125316996024
-0.0124163855932141
-0.0102064541762626
-0.00815579445001133
-0.00845967094215578
-0.00533525860545605
-0.00579490805578486
-0.00795674696942144
-0.00640961110471225
-0.00533982915324338
-0.0030709747425566
-0.00041121203130392
0.00637898809995197
0.013838806271367
0.0152696029889639
0.00996214874371742
0.00410037608734384
0.0
-0.00277614496996061
-0.00352020445500778
-0.00423284199997096
-0.00363807027313594
-0.00585847602267067
-0.00264637126996652
-0.000662378633668359
0.000835059014805428
0.001553268803333
0.00305217641343996
0.00740519226735834
0.0128566882330476
0.0200236325068108
0.0309446926471389
0.0369755249222788
0.0357494136678976
0.0316698823883441
0.0256387582964326
0.0210689595038985
0.0164074439800695
0.0153509000745005
0.0136862756350015
0.0140886702215818
0.0143690992824991
0.0172018911453632
0.0162013500234421
0.0187613299033197
0.0305032522877579
0.0530253448581107
0.0737792407687522
0.075959861076636
0.0567698566924502
0.0361467123612403
0.023530376622154
0.0171331364657161
0.0141061348404464
0.0155446529371043
0.0194168048924154
0.0218063075931258
0.0327513661225866
0.0494842050347093
0.0675011632383619
0.0883609394752797
0.109866951611764
0.101190656803164
0.0702191907681759
0.0516672127778721
0.0428300726364951
0.0392208638905373
0.0363379395234428
0.0348304470161384
0.0330633912152807
0.0300558377132366
0.0291212503267105
0.031777280185207
0.0390916773856655
0.0500228314351316
0.0564847323047193
0.0591360063521838
0.060530401191865
0.0570838333588675
0.0520410776555933
0.049887857619038
0.0480846011271853
0.0424184889435612
0.033280429748119
0.027529756226654
0.022419983400523
0.0178607312611458
0.0154940750360693
0.0133320721451875
0.0121579734786024
0.00845747726078328
0.00355768134107626
0.00306440742268868
0.00580157560383325
0.00348012908333881
0.00227144515715727
0.00338947499201037
0.00216572338982057
-0.000329296211535945
0.0
-0.00271778161195033
-0.00578325303413192
-0.00829706414027485
-0.00792604611308057
-0.00676084271682103
-0.00274193207883164
0.000995741475588297
0.00678407908428962
0.0118944310145274
0.0103728577809823
0.00829757793300629
0.00330713647435679
-0.00118208298298468
-0.00406925817302553
-0.00756765344134494
-0.00718253038083725
-0.00611504682019191
-0.00239088372469944
0.00178865540467921
0.00472331239597685
0.00779906705586346
0.0101040524909758
0.00738316785361623
0.00391147039404785
-0.000865628327346157
-0.00217611880557516
0.000793180805652893
0.003229174313977
0.010771460108198
0.0240257372465238
0.0452599690052072
0.0717912188534298
0.0918900299405322
0.100740190988857
0.0936525669217658
0.0796761455699625
0.0699206962773498
0.0649741559982148
0.0631132655323513
0.0671015884892691
0.0710786869165224
0.0626763394148749
0.044004571425827
0.0242375849501937
0.00931482748713286
-0.00119202860212559
-0.00642456588132268
-0.00912346367662103
-0.0129914358618569
-0.0122598263971305
-0.0129554714456696
-0.0133812051072066
-0.014193722675021
-0.0159538822082981
-0.0183901163235396
-0.017750819717456
-0.0179282739926502
-0.0172152069433071
-0.0144358012513069
-0.0124403939585058
-0.0105432657246462
-0.00958031318859351
-0.00675268710894221
-0.00296649248924943
0.000263622602125535
0.00526696973865684
0.00943226527145305
0.00731276064844093
0.00211228157784096
-0.00603737461003187
-0.0130034118663163
-0.0161040201509732
-0.0177820721988399
-0.0190487840314241
-0.0195005628446088
-0.0187071368663426
-0.0166958685868014
-0.0154566595552879
-0.0138633453798974
-0.0107848956938238
-0.00761782505636706
-0.00545929724922489
-0.00263092601998907
0.0
-0.00217225702625978
-0.0058853188934616
-0.0117209350322899
-0.0148228066826294
-0.0166806207275993
-0.0164877273680666
-0.0132180521816189
-0.00620133545932053
-0.00412430921181508
-0.00300032178129552
0.00397231303832644
0.00748336036603763
0.00514193460249195
-0.00106076718787342
-0.00824469715541336
-0.0124222268478419
-0.0138236142807589
-0.0159197255790372
-0.0150394359501639
-0.011939551913028
-0.00973756763633433
-0.00756186903056231
-0.00337304059126959
-0.000868528587560991
0.000110770803596383
0.00148047956087358
0.00165103511521003
-0.000259218391305605
-0.00274648038891654
-0.00458387342291864
-0.00360089508325818
-0.000176784277777009
0.00326444678553317
0.0110526120756244
0.0213044048102628
0.0365964624554569
0.0610873056728135
0.0916631983700455
0.106839879957026
0.0961621736126607
0.0683429704759057
0.0449004165028075
0.0266497277393458
0.0137090581190956
0.00297684508432496
-0.00225658441629972
-0.0055163702201938
-0.0101321851664735
-0.0218909175673531
-0.0262133502019242
-0.0260982850954397
-0.019596416660001
-0.00950072627552037
-0.000811274157581865
0.0
-0.00607246922557152
-0.0162585086786408
-0.0244923767419513
-0.0290936742511867
-0.0298072219566763
-0.0298488416291386
-0.0312168408657108
-0.0327326609076094
-0.033658735427321
-0.034485933130521
-0.0366934256462441
-0.0355088249609537
-0.0325896834675202
-0.0288961583635208
-0.0261290431971462
-0.0226221827459518
-0.0185700052968635
-0.0153916248845012
-0.0107442918330213
-0.00817365608033993
-0.0064075932033425
-0.00494290590928388
-0.00351342093823595
-0.0032699122219908
-0.00418857021123245
-0.00240812687955772
0.0
0.00279491356196497
0.00525760040566086
0.00565342670825826
0.0105701544700267
0.0129960215965955
0.0153697064784649
0.0188708459594676
0.022130206764971
0.0263323958932551
0.0357643650674413
0.0506922026448075
0.0701137188637363
0.0863056207507956
0.0864408391288972
0.0827251386502552
0.0811450528854543
0.0822502581582419
0.0902473869632811
0.101658848542486
0.11723070560628
0.131954948897895
0.147446664855971
0.163651393971372
0.179396224289869
0.191891585834237
0.195837616707656
0.184287712100921
0.157072378719966
0.123136282665236
0.092827997236159
0.068785441218976
0.0524193821359716
0.0409949047057741
0.0318937884617063
0.024948561206306
0.0182130300323024
0.0142688912638195
0.0109173556779015
0.00800916514163994
0.00403551550611654
0.000633650822470955
-0.00111045322496861
-0.00437399364699638
-0.00701202257579472
-0.00839444698694505
-0.00857358025869108
-0.0101000046776457
-0.00922809757368701
-0.00629645370505452
-0.0055897884434732
-0.00376057122378208
-0.000223808936378833
0.000457291344182931
0.000323410840268434
0.00134223942589995
0.000824954411393453
0.000710913286665249
0.0
-0.00230188116801088
-0.00403030710772798
-0.00343439432731569
-0.0046973519051063
-0.00527941756320004
-0.00369401314512381
-0.00394161181063668
-0.00515332388914083
-0.0039691042132108
-0.00355891514483742
-0.00253216230079297
0.000464780347950677
0.000560637186163182
-0.00488602391104004
-0.0106852185744731
-0.0136626810282469
-0.0155803140685434
-0.0157200532827885
-0.0168793877821987
-0.0163986609983028
-0.0136974395734298
-0.0127861440733515
-0.0136006998058395
-0.0129427299934438
-0.0119685254081114
-0.013268877224176
-0.0149162920150167
-0.015604162646786
-0.0181892580168098
-0.0198250201518802
-0.0220313705131754
-0.0224014229857139
-0.0225839237442671
-0.0222642257519768
-0.0207910588385854
-0.0180786111949536
-0.0143005821909182
-0.0129612926633327
-0.0122066040331399
-0.0127251250964441
-0.0139977048500148
-0.0148241293470348
-0.0164611655134865
-0.0167295043450702
-0.0169115976457087
-0.0171087788827452
-0.0157749730700598
-0.0120648496697322
-0.00756035259798448
-0.00309534952145876
-0.00272594579347876
-0.00219272431318278
-0.000952554960436525
-0.000772442921274819
-0.00138965276347632
-0.0016808167548196
-0.00190100943802275
-0.00499532128449842
-0.00975612834441546
-0.011530165851234
-0.0127052061056731
-0.0128625859586959
-0.0113781702191423
-0.00848859623040739
-0.00706683695649144
-0.0028363891723224
-0.00108090924460084
0.00104589545027091
0.00284236207061634
0.00218777861178558
0.00116316061335616
0.000434654420854574
0.0
0.00111290680402473
0.00277849379649978
0.00597604111720861
0.00810091480645376
0.0124165277441285
0.0154614659296934
0.0197330253889804
0.02102163153882
0.0216847575019592
0.0234266728747632
0.0239469067912124
0.0215258663134477
0.0197201423097051
0.0177301227873209
0.014867399585847
0.0109462628393732
0.00593645783226787
0.00222642128977221
-0.000328846651491721
-0.00357180902793834
-0.00258928313986566
-0.00194098547890094
-0.00131365882708243
-0.000713193107687371
-0.000240107886318208
-0.00115676171432356
-0.00217883786106849
-0.00540883841987669
-0.00942793692987201
-0.011660749059234
-0.0140764334553566
-0.0173306633180233
-0.0202313845016137
-0.021062429169569
-0.0213588823853634
-0.0205187194233549
-0.0199143083822884
-0.0160109428447374
-0.0125264005007419
-0.0116106611524265
-0.00872040277305958
-0.00672298607540825
-0.00823102804808655
-0.00930050328331713
-0.0111233084331988
-0.0120992380139039
-0.0131781076548987
-0.0157104188830902
-0.016217585868483
-0.0144806224379269
-0.0118138451892009
-0.00762122876880539
-0.00543968755757548
-0.00192914019317485
-0.000312865095412385
0.00148274460584584
0.00189488713860411
0.00155267585965879
0.0
-0.00265768031214846
-0.00314512998599824
-0.00557102291682963
-0.008787057524002
-0.0105359154705319
-0.0113489812387576
-0.00740866006324485
-0.00601068563565543
-0.00478799073249847
-0.00298064861514731
-0.00234693966738105
-0.00137120511325818
-0.00167465455755903
-0.00406925068423191
-0.00634934909253995
-0.00910227495346267
-0.0116236067919292
-0.0141552725858241
-0.0148901612931455
-0.0150578460539393
-0.0143110568023573
-0.0116133723864847
-0.00972461644678281
-0.00867188929083009
-0.00860706813143939
-0.00876150852855293
-0.0098439422713868
-0.0108799508533282
-0.0138905671107416
-0.0170576634141462
-0.0181611793097589
-0.0194779693851552
-0.0212528818792062
-0.020037163493865
-0.0187662946377837
-0.0171516345022257
-0.0159072997881612
-0.0144976870818254
-0.0120754095009578
-0.0125373406630139
-0.0136404284216181
-0.0139242471277216
-0.0153228754657688
-0.0172082303685086
-0.0192434246209807
-0.0211955870280489
-0.0233150620335913
-0.0244254725738191
-0.0254502342661038
-0.0252325031008632
-0.022593271682872
-0.0204763183686184
-0.0172176917359148
-0.0155875811185354
-0.0170313811891764
-0.0175617396166697
-0.0166086648824822
-0.018095351571786
-0.0206296918830901
-0.0222327090417162
-0.0245347818151849
-0.0286573833698854
-0.0299797403729569
-0.0283151274971616
-0.0269551141425242
-0.025369409351329
-0.0229901100213792
-0.0199724673251096
-0.0194285846680649
-0.0193708574839776
-0.0187971436756716
-0.0194654559398344
-0.0210550217778334
-0.0230242975481146
-0.0245402127981549
-0.0274324906150185
-0.0306583762449974
-0.0330300143887058
-0.0329555145869068
-0.0319331625991904
-0.0299791113556228
-0.0284938855531846
-0.0268108655479078
-0.0250343854017675
-0.0232610633833527
-0.0223405978764336
-0.021678517694892
-0.0219883161418214
-0.0241608222135919
-0.0262914849102006
-0.027432385503123
-0.0281960875393989
-0.0311274947175209
-0.0337068986434841
-0.034521575006571
-0.034160343658452
-0.0339330920377758
-0.0318634850334911
-0.0288122754416806
-0.0274166024619591
-0.0257126089161017
-0.0245915031516078
-0.0242422659779909
-0.0243879208316483
-0.0258682895651405
-0.0280365903442562
-0.0287358390253253
-0.0306333684407596
-0.0327836735312368
-0.0351087259783021
-0.0351679435174598
-0.0360430453327542
-0.0357199063177603
-0.0344644407868543
-0.0328635990727664
-0.0314305480144053
-0.02940308988664
-0.0286608161039931
-0.0265684743143952
-0.0247794622898535
-0.0253533471920136
-0.0256121887959487
-0.0257378527684069
-0.0262063091439218
-0.0282041628716747
-0.0300324932044899
-0.0315966891584918
-0.0331986696506913
-0.0336281377048853
-0.0345352956821649
-0.0360493185702696
-0.0356536869525802
-0.034108169462994
-0.0320925002195342
-0.0303904258347868
-0.0291181522335103
-0.0277690438526815
-0.0266888307117077
-0.0249898079995079
-0.0239714403891456
-0.0248500495679408
-0.0255351991242009
-0.0263430080047374
-0.0279333857772495
-0.0302046749208001
-0.0308867133985632
-0.0329959426147688
-0.0341804829411526
-0.033983438033904
-0.0335773415846923
-0.0322124454169649
-0.0300272366235615
-0.0289545506530376
-0.0260922218778046
-0.0238040146200287
-0.0231677697369636
-0.0228532898728023
-0.0232434669865928
-0.0243972425264213
-0.0249044489987291
-0.0257426167567543
-0.0288512986791725
-0.0301043929883723
-0.0321363847847895
-0.0323045498169697
-0.0319648298464946
-0.0302767347081129
-0.0275936509798844
-0.0263130474849315
-0.0244440553945812
-0.0221222343777188
-0.0215228197411229
-0.0215317632591214
-0.0208632062766815
-0.0216415642399099
-0.0220677775398391
-0.0233565784780589
-0.0245537462546402
-0.02571168681158
-0.0270401213669977
-0.0281506399174002
-0.0292736771347708
-0.0291298217931394
-0.0287258464577827
-0.0271836541535366
-0.0260914016405103
-0.0238935934037898
-0.0228103136700358
-0.0211712893860769
-0.0195925207773138
-0.0187601458109582
-0.0170971939289637
-0.0166125351075231
-0.0163242920280913
-0.0160632707816556
-0.0171417026744706
-0.0176869070929238
-0.0184032607515336
-0.0192186921520794
-0.0198623416297008
-0.0196031206294196
-0.0197640243508395
-0.0199871740237762
-0.020874901884229
-0.0208825833721148
-0.0205723736673242
-0.0209006363963298
-0.0188471429978266
-0.0175566838667919
-0.0161948819380357
-0.0146709392357232
-0.0134733664693705
-0.0114296832277553
-0.00995879826486365
-0.00919146031573049
-0.00860277366800037
-0.00832747030251702
-0.00830250684391974
-0.0078713608312108
-0.00779441205913556
-0.00759392958729059
-0.00830466845709417
-0.00903189981644933
-0.00926771183643506
-0.0103413840342381
-0.0108387285043073
-0.0109460186318479
-0.0116745155466939
-0.0115909603913686
-0.0101832329706274
-0.00912916823719576
-0.00807323342355372
-0.0066447267528026
-0.00470865852577858
-0.0027581939715848
-0.00176963728593164
-0.000800735353174661
-7.63820945660871e-05
0.000678789529145506
0.00140109540897263
0.00172660062477855
0.0011883921571668
0.00103501072650643
0.00129210808120712
0.0
