0.0
-0.015236997335667
-0.0306066565580085
-0.0383089489486488
-0.0390775581517867
-0.0358092344481376
-0.0311764077451672
-0.0303953672930567
-0.0333109365525647
-0.0316025939001298
-0.0290293776644757
-0.0270174727082844
-0.0239226052094256
-0.0230890763563763
-0.0228865240210799
-0.0234309643838834
-0.0215221366883944
-0.019084668810289
-0.0144926795673048
-0.0102987239237078
-0.00716217962650574
-0.00161256068555853
-0.000883983651226794
-0.000421587300257964
-0.00236020042037448
-0.00852096961263738
-0.0160308153132268
-0.0216486884358081
-0.0256704172655403
-0.0286728558185668
-0.030709511263502
-0.0311300487493913
-0.03390774852843
-0.035280515893199
-0.0335601993327432
-0.0303988238364443
-0.0283685754517114
-0.0270145948261701
-0.0269725987791159
-0.026571749573028
-0.0267400808949763
-0.0254221874165825
-0.0213207090726206
-0.0165614232248431
-0.0144138747371261
-0.0139143936235028
-0.0131394482598214
-0.0132372492577558
-0.0127422339552843
-0.00828988352172919
-0.00108819156774953
0.00311947057909632
0.00530255121707677
0.00641165014099137
0.00187999280494584
-0.00747278144933938
-0.0113262980157183
-0.0132198871023339
-0.0137157604340495
-0.0145638795170385
-0.0150869046333279
-0.019421322677792
-0.0229564478205009
-0.0271490271157334
-0.0282901167671682
-0.0300984932753609
-0.0271763344955492
-0.0260973275158522
-0.0266741961279533
-0.0290365713300183
-0.0340132988122236
-0.0370292556238039
-0.0381935167230943
-0.0379007785489742
-0.0374392255500654
-0.0357748576669036
-0.0358886666007263
-0.0381958731185289
-0.0407051460405607
-0.0411525554851293
-0.0416342659910543
-0.0388433462995761
-0.0354641352816469
-0.0335007291444801
-0.0324512963402097
-0.0319464741944909
-0.035380453886433
-0.0378430670089614
-0.0337868413582013
-0.0298547684330559
-0.0242220458366186
-0.0219147865272614
-0.0238333901643045
-0.0291405104842308
-0.0326120009466377
-0.0341332347679937
-0.0320725954291822
-0.0280024482112706
-0.0239515034430235
-0.02132824689737
-0.0206847782779353
-0.0236203850521107
-0.0287140549051883
-0.0300922537475148
-0.0307732585938232
-0.03198108806142
-0.0339786566523755
-0.0336956503708218
-0.0358573717474692
-0.0386753109076057
-0.0401334275926186
-0.040172718468844
-0.0396379059138872
-0.0398976045101296
-0.040716246133916
-0.0431643522739996
-0.0455317767290681
-0.0463520437417949
-0.0441190918708518
-0.0434883747178557
-0.0413162740034905
-0.0427226474066233
-0.0452343060547894
-0.0449207423572851
-0.0440200203010398
-0.0417835601089634
-0.0406582595042677
-0.0416790571116258
-0.0424545039150919
-0.0412214558574041
-0.0400593636236972
-0.040351352244335
-0.037738992242359
-0.0359714049290199
-0.0366289969247502
-0.0372959262764348
-0.0367884509985269
-0.0350356054581356
-0.0349142340583908
-0.033909611743951
-0.032511640105942
-0.0309885469904692
-0.0293819218182189
-0.0296630137243874
-0.0284687541064806
-0.0286815385217497
-0.0306835136462528
-0.0320617999785874
-0.0314677840628465
-0.0290916806129964
-0.0276616153813939
-0.03078443057769
-0.0362488827531451
-0.038213487552895
-0.0393772555648944
-0.0400467029461713
-0.0426711892898093
-0.0434613511828015
-0.0440436290123371
-0.0452201455039988
-0.0455723357138782
-0.0450736092091448
-0.0432904670078419
-0.0413677359243443
-0.0395555817515324
-0.037345367431881
-0.0320883120275725
-0.0256910825592544
-0.0165375560521837
-0.000269033996206614
0.0327954639148326
0.0905925334656001
0.146653816798391
0.14398982021838
0.0877118304051631
0.0356472917065271
0.00972740012030673
0.0016270404374392
-0.000704178275715361
0.0022861559414292
0.00737109675435888
0.0126359639649586
0.0200978100210611
0.0274178186171333
0.0377507935666071
0.0628751172456254
0.10730322638113
0.128772954926293
0.0973877498136451
0.0533290992515363
0.0305490348714381
0.0197563572727345
0.0111940747914291
0.00385294088563466
-0.00194115157709727
-0.00692654785354818
-0.0107297356946857
-0.0141985099316933
-0.0146989615759842
-0.015014876856712
-0.0137848557940268
-0.013057359021687
-0.0105547830804589
-0.0103702682300309
-0.00896648180222301
-0.0104022646795564
-0.0101887815479514
-0.0105047444936278
-0.00970269264984904
-0.0060345397816431
-0.00176867820536266
0.00361611300764138
0.0122774421296613
0.0186322162313423
0.0155305057691733
0.00708296161329758
0.0
-0.00472898146263672
-0.00749184393312734
-0.00758236567984461
-0.00920528007911157
-0.00801851294484317
-0.0064298373770789
-0.00487266326648992
-0.00211724575385046
-0.00108105168879245
0.00134632484000294
0.00604933116756783
0.012630981493566
0.0204714174882517
0.0305843706784183
0.0387277329192694
0.0405203455575998
0.0376834057095235
0.0303151570851049
0.0218639710016056
0.0179834674528559
0.015529494748393
0.0157708491918363
0.016073462331105
0.016435459046037
0.0164030061495927
0.0187256489844992
0.0224441589425929
0.0329867823577219
0.0515566404931959
0.0782282538568218
0.0870765644851475
0.0680023310293773
0.0418192554825198
0.0234790216713619
0.0152268801972817
0.0120214634322568
0.0134728475981145
0.0176458601442473
0.0210699273688712
0.0308774121399754
0.0474185281319386
0.0687828802785673
0.0932794719567227
0.119260735549788
0.117822445600114
0.0845244694841232
0.0540642943007457
0.0417210415258712
0.0374036633693427
0.0324183215191866
0.029648021439912
0.0287450791143636
0.0277356543434347
0.0278319733951028
0.0295545934682824
0.0361044492825783
0.0479045951380737
0.0583244596104814
0.0635319951606793
0.0630667063536535
0.057558475538577
0.0528930761858269
0.0468852543653329
0.0438142139904748
0.0388958034988785
0.0298004845469142
0.0232396561636595
0.0172495475766766
0.0118521634004725
0.0099458663446425
0.00854803350591451
0.00801445288708707
0.00720988655807042
0.00490288347086332
0.00306988819054175
0.0013862201384647
0.00168072266668531
0.00152285573001627
0.000545515062761504
-0.000344501947025777
-0.00024338619158486
0.0
-0.00301676140589564
-0.00511692354028965
-0.00646005373604353
-0.00655716914386459
-0.00501245441760843
-0.00286818268703599
0.00115313647075954
0.0034551039130275
0.00814726806099357
0.00967775236975454
0.00669593969207711
0.00115622148861207
-0.00257060147728636
-0.00521442384194231
-0.00649077100892845
-0.00613492436203027
-0.00494089974178278
-0.00373350675332171
0.00110292226171742
0.00507125885152837
0.00891356524286207
0.0103430178017445
0.00904872467458415
0.00513520161544296
0.00151153072506285
-0.00150324403251771
-0.00132984975200587
0.00239710598954741
0.0119072686289217
0.0257780734587445
0.0487094032440714
0.0796814382662709
0.110316759916921
0.126580328376276
0.121890707307087
0.108358753363482
0.091967738190106
0.0806358942432996
0.0750818130271043
0.0759796214791359
0.0782221848142537
0.0709217455087087
0.0536996928068133
0.0332173329570104
0.0152698748547974
0.00284360377549502
-0.00400280022454076
-0.00819585747333036
-0.0118239022361722
-0.011792870485196
-0.0147653238034674
-0.0159867986775257
-0.0159177399845554
-0.0195938210009534
-0.0205496621653738
-0.0207067895296512
-0.0199616013528705
-0.0193002749854956
-0.0160660005170477
-0.0120893762046139
-0.00979139341938677
-0.0067700208754546
-0.00336276698187896
-0.000742637638685517
0.00557715469124538
0.0118588279707795
0.0143447419638929
0.010861435053915
0.00388820856265701
-0.00404978893100942
-0.010691194441059
-0.0158436270649104
-0.0191986386567107
-0.0201340875907656
-0.0210209510340179
-0.0197742012041192
-0.0185887084142887
-0.0169252421623848
-0.0134269746939735
-0.0102075162930963
-0.00771984945498028
-0.00698845958904479
-0.00625223864936919
0.0
0.00164118406541769
-0.00131459810593026
-0.00712663218691765
-0.0130636679237645
-0.0132695293801248
-0.0110290285443134
-0.0107684368450327
-0.00733915334440962
-0.00225339588794207
-0.000466885846405618
-0.000300132415544563
0.00374144690657052
0.00056830170325326
-0.00707951406835348
-0.0121545229303947
-0.0154040015358698
-0.0170596392235014
-0.0181038647308245
-0.0172007173577621
-0.0125623887698616
-0.00749882675685525
-0.00412634758500778
-0.000313639517979403
0.00128283609449174
0.00280424429620085
0.00560655668919412
0.00572438295132263
0.00189695303506214
-0.00284628862585448
-0.00635727792093115
-0.00610980557020657
-0.00168697829315847
0.00426763563423875
0.0105852001926195
0.0217542170693246
0.0385994381589351
0.0653901488875267
0.101401434600209
0.124546521610992
0.117314075755893
0.0856576178127681
0.0532517866514201
0.0308516680242606
0.0155965557827438
0.00587964292410876
-0.000574584188392357
-0.00460642063508363
-0.00955503088613035
-0.0196135837324709
-0.0273948677932607
-0.0277476447713348
-0.0225081736607441
-0.0124071407988841
-0.00284014109447841
0.0
-0.00568849679653956
-0.0183997969556619
-0.0280397555040976
-0.034784743213313
-0.0377764069872961
-0.0372290136941089
-0.0367114777936159
-0.0369578798097419
-0.0386024676162009
-0.0394419236922269
-0.0407274262492563
-0.0416805511121247
-0.0405582867535579
-0.0378506511357383
-0.0346907681292339
-0.0284329956125459
-0.0220737206854319
-0.0189336225107087
-0.014280087394803
-0.0123847164611802
-0.00816825027314871
-0.00608717442413642
-0.00716976383927959
-0.00573988018922307
-0.002655431979441
-0.00156834070681025
0.0
0.00252500892876255
0.00603706712295629
0.00842437637348668
0.0110675183183161
0.0149601006967796
0.0174887479803359
0.0200338867888337
0.0229691321558961
0.0287062432583618
0.0389184293634875
0.0568990976296932
0.0813468745339713
0.100424928402129
0.106852406780288
0.1023165259411
0.0982380126931337
0.100256473368067
0.108444654544919
0.118787433885487
0.135910108584383
0.152915916738196
0.169500947045289
0.188329138710924
0.207622691725607
0.222366074918536
0.229648799916386
0.218376076977988
0.188777770769207
0.150573222708264
0.115319028534192
0.0856497791008773
0.0638826940351194
0.0471813550148843
0.036620730629607
0.0282560968368367
0.0195966861020533
0.0143094170432288
0.00980458086743794
0.00500286784344777
0.000119063342351611
-0.00309623518219382
-0.00676739843007643
-0.0103029422732713
-0.0116100834305537
-0.0116509156095097
-0.0137748703506576
-0.0127508168100511
-0.0106293720521924
-0.00920649797880262
-0.00835323284123207
-0.00634709686489289
-0.00470697179586419
-0.00388183618446036
-0.00532999825320925
-0.00519591099275133
-0.00244276212632205
-0.00160597560960382
0.0
-0.000102402296427362
0.000783399061386925
0.00174529025430852
0.00200703359030974
0.00124443468111151
0.00189242273511649
0.00151736101815053
-0.000489986057410574
-0.00372276181248485
-0.00688062223161075
-0.00861923210323856
-0.0064984056957748
-0.00743264816111262
-0.0125668254358003
-0.0185124376580958
-0.0204460027074162
-0.021679708049761
-0.0212893919348177
-0.0189903011433747
-0.0178275704327025
-0.0178125485894231
-0.015691193847366
-0.0143422430086098
-0.0172958765318303
-0.0193684945614627
-0.0204311086266527
-0.0237761709566645
-0.0267586129572363
-0.0279710829611552
-0.0273374575696173
-0.0282911256556094
-0.0281417359884003
-0.0258710591336522
-0.0233550203072269
-0.0196875829901712
-0.0195402753013556
-0.0173075205797437
-0.0161604434855183
-0.0157519992138604
-0.0174798999962746
-0.0215322818364816
-0.0247275091466071
-0.0248895434448376
-0.0252343918587514
-0.0232503987476452
-0.0195223451532968
-0.0148534461657496
-0.0104771752781338
-0.00516402141667752
-0.000664275738173992
0.000311859028348094
-0.00183242656561596
-0.00414390583888601
-0.00497958830266282
-0.00419193445939146
-0.00579902627427444
-0.00941877501818549
-0.0106800450991046
-0.0128428396488624
-0.0143238038332728
-0.0137383496547027
-0.0114698520178982
-0.00897736925286363
-0.00635230431061323
-0.0025920175379343
0.000394184600263436
0.00156745397866588
0.00376969807902635
0.00411656846264632
0.0029787768803576
0.00278267654448149
0.000832151675871373
0.0
0.00184663704190332
0.00512844263808446
0.0112115855042879
0.0170333254425642
0.0236774400112417
0.0298120929919285
0.0334367986165328
0.0347417071860207
0.0341973275218362
0.0314846684765563
0.029702137702583
0.0265055030754388
0.022429978887906
0.0197434651140261
0.0154553011497752
0.0110400626568506
0.00797832301391515
0.0037505759701023
0.00102743364930489
-0.000239488411890865
0.00069039818498543
0.000808648658960709
0.000511025099350304
0.00140133550299155
0.000625114275844874
-0.00118353521403318
-0.00322128941625738
-0.00447579874691859
-0.00763799600966344
-0.0122111526779373
-0.0155336696501225
-0.0182852385615667
-0.0201507277615663
-0.0222096107103774
-0.0211594517826746
-0.019227059041242
-0.0170319312914061
-0.0143294210686384
-0.0120815332831499
-0.010981667858705
-0.00908941133684131
-0.00968882542909273
-0.0102387982251922
-0.0110170411181073
-0.0130255329644009
-0.0150047668386456
-0.0151245576302459
-0.0157584668111929
-0.0151664987100145
-0.0120160081781667
-0.00849313477558981
-0.00481093567776515
-0.00179248483524731
-0.000934817461738446
0.00132160395075193
0.00249593400072583
0.00311408962178407
0.00206768739665049
0.0
-0.00169685499594915
-0.00641929206600833
-0.00824231643854904
-0.00806083424091053
-0.00888705995796686
-0.00730954531931434
-0.00484394124268641
-0.00427275349643117
-0.00159681951075106
-0.000709415809860153
-0.00149958765645891
-0.00247366366711364
-0.00342891022282795
-0.00544933138123599
-0.00808645155051333
-0.0119469209619143
-0.0142202767619639
-0.0155127218290208
-0.0146855303322722
-0.0130315582069551
-0.0104316690860969
-0.00822098324898821
-0.0068968041905431
-0.00717898911243648
-0.00800346266802174
-0.0100100548723118
-0.0115823810904
-0.01352609078023
-0.0157398640116135
-0.0192262353902112
-0.0218274925890139
-0.0233068457527684
-0.0226503000405472
-0.0212629613782594
-0.0189629730799448
-0.0163530206370739
-0.0149002171960408
-0.0135883555242716
-0.0137107258339769
-0.0131820776316005
-0.0124600389923524
-0.0130422535524453
-0.0162406759213256
-0.0182187502495759
-0.0202426202517109
-0.0228254809480379
-0.0252139481561822
-0.0258222900546823
-0.0262723745711668
-0.0261935122370974
-0.0239064646675891
-0.0214208574014445
-0.0189800839681013
-0.0171218392387136
-0.0159650996050819
-0.0163415101248726
-0.0180745685405875
-0.0195606288658078
-0.0210026992318352
-0.0229044647290215
-0.0253548297846454
-0.0278979358626706
-0.0282868184069247
-0.0281507028412278
-0.0265822003163489
-0.0248001099078246
-0.0228675387730464
-0.0203197815353848
-0.0194587946821909
-0.0187734253420022
-0.018615296222611
-0.0185463757465898
-0.0196389534976894
-0.022259036475139
-0.0248214663230956
-0.0265347593486094
-0.0283147020978349
-0.0308511212969532
-0.0309611541835881
-0.0300555844237242
-0.0285374317362765
-0.0268058563540266
-0.0252315633560562
-0.021968323033845
-0.0215633396755145
-0.0208935788215272
-0.0206646415841736
-0.0226435712472468
-0.0241233341829721
-0.0255426915403864
-0.0271168999084313
-0.0285247812852879
-0.0315196645232699
-0.0331185080947713
-0.0329841393472577
-0.0325531839925087
-0.0312297542406479
-0.0293872244649738
-0.0269924977023762
-0.0248852857770857
-0.0229914606568599
-0.023319801798423
-0.0238548387330877
-0.0238611957898664
-0.0249579536793487
-0.0262535173596051
-0.0275791984661016
-0.0295753628865135
-0.0312768049292289
-0.0327964849206605
-0.0344495172184643
-0.0343308055379899
-0.034607426482026
-0.0343896788303682
-0.0325826386365934
-0.0306552590177236
-0.0287560591841798
-0.0268171639985526
-0.025511265098797
-0.0254574959855514
-0.0252785116789804
-0.0253663789189063
-0.0256136817336916
-0.0262172074839114
-0.027413625399208
-0.0291504155639808
-0.0308556664379837
-0.0316594926570205
-0.0338420422405781
-0.034966831229189
-0.0354200373411657
-0.0354362808987907
-0.0340249832477
-0.0321093700462363
-0.0292925561033426
-0.0275866578187728
-0.0264692391640049
-0.0247403236851621
-0.0245226576357521
-0.0246272022106921
-0.0252046394158722
-0.0257947795125004
-0.026071323352037
-0.0270088801357921
-0.0288293294333019
-0.0304033836392366
-0.0323991468925655
-0.0331910038947229
-0.0338393732059458
-0.0325779243341977
-0.0310825481633615
-0.0304202932174905
-0.0280897136089361
-0.0250030353831319
-0.023274140825671
-0.0227954685418876
-0.0227752848428781
-0.0238954130466078
-0.0234565278331468
-0.0239091036286232
-0.0248727922145704
-0.0265885742386518
-0.0285282203501804
-0.0296796744925633
-0.0305163250428991
-0.0316220887534541
-0.0307221619878112
-0.0285662716450082
-0.0263750313855582
-0.0240225380378486
-0.0225851135001956
-0.0213167823500743
-0.0201105163751886
-0.0197732999891749
-0.0212836023439222
-0.0214032150704412
-0.0217933558135564
-0.0235018727388045
-0.0238823617958343
-0.0254346476317259
-0.0272522302788276
-0.0274765800150089
-0.0273434150187412
-0.0273531774004576
-0.0262799421557221
-0.0253067728537587
-0.0235812666639133
-0.0212090687140951
-0.0202004370770388
-0.0188990072938626
-0.0171075292684153
-0.0163139538083349
-0.015936042789888
-0.0160742509980998
-0.0157108692790683
-0.0157837992839887
-0.0163895194971602
-0.0174711661938976
-0.0180775303504404
-0.0184925811501979
-0.0185020618840665
-0.0179002829831084
-0.0191350032959121
-0.0192916594106638
-0.0197310547186538
-0.0199111066232447
-0.0193923465623877
-0.0187878851385371
-0.0181465664469672
-0.0171454443066024
-0.0150546122520742
-0.0141122036843731
-0.0129403954026634
-0.0108621871409816
-0.0103147476318055
-0.00864869894472362
-0.00733917709222925
-0.00659737188236913
-0.00701387734885707
-0.006498978757961
-0.00698838634902074
-0.00726325640532974
-0.00763550913786347
-0.00791192596776788
-0.00851280090331983
-0.00958676699993908
-0.0102874558256687
-0.0102534831223634
-0.0103441930478884
-0.0102871047894385
-0.00923688388517164
-0.00809536831782268
-0.00651058834558588
-0.00552810095287178
-0.00392487529645232
-0.00168454252570573
-0.000552969424946546
0.000117789569594167
0.000566276199728194
0.00124505239108859
0.000846265547869191
0.00110594936117038
0.00100491500719733
0.000116816610188477
0.0
